0.50000	0.0000	0.00000	0.00000	0.0000	0.00000	1.00000
0.77145	0.0000	0.41803	0.12319	0.4725	0.75792	0.94828
0.92409	0.0000	0.01687	0.33336	0.30155	0.07878	0.03177
0.72871	0.0000	0.89859	0.45589	0.82974	0.3218	0.97424
0.27806	0.0000	0.62598	0.94969	0.71883	0.0827	0.79888
0.48295	0.0000	0.1845	0.39858	0.58192	0.5233	0.05929
0.16685	0.0000	0.82477	0.99305	0.51634	0.5169	0.25781
0.77321	0.0000	0.50545	0.65819	0.00498	0.52772	0.51268
0.23687	0.0000	0.07023	0.14264	0.60485	0.98241	0.61805
0.81054	0.0000	0.1013	0.05089	0.71354	0.62922	0.26685
0.04667	0.0000	0.60294	0.12462	0.95191	0.84411	0.69501
0.91044	0.0000	0.24596	0.31026	0.16964	0.97964	0.57746
0.9582	0.0000	0.56434	0.08742	0.21478	0.94119	0.8167
0.81046	0.0000	0.99966	0.19321	0.18161	0.5626	0.57838
0.68594	0.0000	0.93661	0.84364	0.34873	0.77642	0.06841
0.1227	0.7752	0.58622	0.95047	0.07459	0.42866	0.37066
0.52221	0.01489	0.0958	0.24047	0.61005	0.52813	0.06044
0.88259	0.91893	0.91996	0.77857	0.80253	0.66838	0.23152
0.66026	0.19498	0.86704	0.79767	0.7393	0.88208	0.83577
0.84916	0.04587	0.60521	0.8422	0.53913	0.08543	0.94499
0.79793	0.29757	0.19198	0.79562	0.30627	0.96468	0.05404
0.54616	0.48901	0.36825	0.35333	0.73074	0.5387	0.1609
0.05567	0.91853	0.70518	0.79009	0.42468	0.39936	0.73066
0.55954	0.72128	0.48071	0.43591	0.47645	0.67193	0.9803
0.9646	0.00728	0.73626	0.38262	0.36814	0.86809	0.93227
0.02783	0.15031	0.46419	0.88054	0.20818	0.25642	0.44013
0.42843	0.88582	0.6471	0.09892	0.76992	0.68541	0.24838
0.56428	0.63601	0.2206	0.32736	0.01053	0.88049	0.99306
0.79218	0.68122	0.02303	0.14378	0.50964	0.19166	1.61473E-4
0.14018	0.5924	0.585	0.21057	0.43373	0.48395	0.24113
0.68599	0.70171	0.70678	0.96055	0.72164	0.5489	0.22208
0.45146	0.98377	0.83051	0.84615	0.866	0.82915	0.66228
0.45799	0.06832	0.394	0.61955	0.10952	0.81907	0.95789
0.32034	0.23345	0.39032	0.70285	0.57971	0.1999	0.53182
0.12101	0.84336	0.25651	0.74968	0.79701	0.43561	0.41428
0.95813	0.55365	0.72635	0.42427	0.96751	0.32323	0.42025
0.54788	0.48158	0.81458	0.7228	0.90507	0.87543	0.57454
0.48163	0.17482	0.77698	0.59349	0.50247	0.26884	0.43154
0.14965	0.6736	0.58875	0.21958	0.19457	0.37558	0.25628
0.1847	0.12349	0.56674	0.49489	0.15637	0.40279	0.70906
0.06645	0.44453	0.27389	0.47026	0.85896	0.23725	0.62663
0.77145	0.70099	0.39174	0.09743	0.96833	0.42554	0.37602
0.92409	0.49007	0.21913	0.29916	0.9302	0.32582	0.61815
0.72871	0.72447	0.72084	0.53751	0.79484	0.31222	0.78836
0.27806	0.22093	0.75935	0.41953	0.59652	0.28897	0.68201
0.48295	0.56391	0.48261	0.65668	0.35961	0.9527	0.87288
0.16685	0.66322	0.54131	0.31699	0.42558	0.65232	0.98385
0.77321	0.81808	0.38237	0.22015	0.23353	0.15291	0.09881
0.23687	0.31154	0.34195	0.73534	0.20028	0.36945	0.99548
0.81054	0.57811	0.32275	0.32852	0.28169	0.04753	0.67111
0.04667	0.92917	0.27088	0.96292	0.8552	0.55118	0.14011
0.91044	0.0534	0.64375	0.24988	0.39318	0.21684	0.16295
0.9582	0.31169	0.3092	0.4336	0.48712	0.93925	0.5134
0.81046	0.9018	0.73725	0.40366	0.84971	0.49423	0.79729
0.68594	0.80387	0.06414	0.63111	0.55893	0.87169	0.96248
0.1227	0.32633	0.50605	0.41776	0.96108	0.71788	0.20158
0.52221	0.15681	0.94437	0.44005	0.07507	0.84719	0.0533
0.88259	0.49787	0.60092	0.37435	0.57947	0.99422	0.94971
0.66026	0.98369	0.85042	0.96316	0.69871	0.37881	0.79388
0.84916	0.86065	0.15927	0.54197	0.92976	0.14372	0.11425
0.79793	0.63969	0.11399	0.50538	0.37463	0.65363	0.98991
0.54616	0.24483	0.67592	0.10029	0.43054	0.6179	0.47869
0.05567	0.9414	0.62827	0.60792	0.02912	0.65918	0.14205
0.55954	0.99079	0.86157	0.05715	0.53331	0.02074	0.25787
0.9646	0.5952	0.82911	0.75641	0.3051	0.05849	0.36431
0.02783	0.97663	0.30577	0.88522	0.48232	0.39493	0.32149
0.42843	0.7643	0.72858	0.39001	0.75829	0.75417	0.05187
0.56428	0.74328	0.21444	0.69343	0.58893	0.90086	0.35414
0.79218	0.72981	0.3103	0.05132	0.58316	0.4899	0.9178
0.14018	0.74368	0.90037	0.25322	0.10855	0.84236	0.10457
0.68599	0.88331	0.26252	0.6254	0.51295	0.08023	0.09354
0.45146	0.27115	0.27315	0.4355	0.5316	0.9888	0.46036
0.45799	0.93173	0.02432	0.96112	0.0883	0.46401	0.8925
0.32034	0.57598	0.19515	0.08976	0.88616	0.04332	0.52196
0.12101	0.4324	0.5855	0.4872	0.74354	0.23749	0.28607
0.95813	0.96793	0.13455	0.73963	0.51237	0.83383	0.01768
0.54788	0.91088	0.3371	0.27844	0.10267	0.93824	0.95825
0.48163	0.00402	0.26886	0.27722	0.35473	0.0412	0.92708
0.14965	0.18562	0.34009	0.95686	0.2348	0.60248	0.04097
0.1847	0.40317	0.69082	0.1137	0.81479	0.21644	0.09475
0.06645	0.87162	0.48798	0.09775	0.40659	0.23322	0.16481
0.77145	0.3313	0.41285	0.45555	0.33465	0.49852	0.16091
0.92409	0.37646	0.63112	0.59394	0.87837	0.41888	0.0811
0.72871	0.98216	0.40924	0.68374	0.22283	0.32472	0.25477
0.27806	0.58308	0.94266	0.29828	0.37585	0.54081	0.75027
0.48295	0.07219	0.55063	0.34773	0.95451	0.80078	0.77368
0.16685	0.15659	0.15731	0.86624	0.76266	0.6281	0.56626
0.77321	0.50096	0.27784	0.37169	0.16206	0.18429	0.80114
0.23687	0.73246	0.19089	0.85891	0.61106	0.43396	0.03326
0.81054	0.17119	0.27183	0.68593	0.98872	0.5873	0.78448
0.04667	0.02572	0.04109	0.8362	0.8221	0.44812	0.77796
0.91044	0.00266	0.03143	0.68238	0.2692	0.37367	0.37765
0.9582	0.58672	0.88362	0.65158	0.9045	0.03995	0.67933
0.81046	0.58147	0.78979	0.22395	0.30337	0.56281	0.6574
0.68594	0.51357	0.16617	0.81497	0.06466	0.75846	0.14318
0.1227	0.08974	0.78497	0.01194	0.7489	0.38667	0.27067
0.52221	0.7551	0.93809	0.141	0.07973	0.98966	0.21271
0.88259	0.82767	0.57131	0.22807	0.56405	0.64948	0.76641
0.66026	0.18688	0.72567	0.53351	0.16946	0.1093	0.03662
0.84916	0.01584	0.70995	0.05926	0.14085	0.05532	0.33988
0.79793	0.81581	0.8955	0.89327	0.11794	0.17942	0.10451
0.54616	0.52165	0.90478	0.24654	0.65467	0.59727	0.58804
0.05567	0.20949	0.10885	0.10949	0.51532	0.83862	0.46745
0.55954	0.66195	0.13233	0.68347	0.99761	0.66774	0.06887
0.9646	0.23	0.28939	0.09508	0.63943	0.9015	0.27186
0.02783	0.39646	0.88241	0.28864	0.03799	0.23348	0.61806
0.42843	0.46345	0.9506	0.01992	0.87895	0.23032	0.22355
0.56428	0.93556	0.82256	0.57935	0.84095	0.82698	0.78754
0.79218	0.68725	0.51057	0.50262	0.20371	0.36183	0.46035
0.14018	0.85039	0.88749	0.00254	0.49924	0.5529	0.89156
0.68599	0.62046	0.19517	0.02202	0.41513	0.78517	0.40584
0.45146	0.81633	0.14834	0.64707	0.54551	0.41409	0.54086
0.45799	0.1922	0.91571	0.45999	0.37178	0.09239	0.58212
0.32034	0.76617	0.54561	0.46651	0.22709	0.25203	0.80403
0.12101	0.34783	0.38369	0.90806	0.6207	0.55396	0.29726
0.95813	0.47404	0.73337	0.02096	0.83486	0.4086	0.87983
0.54788	0.43159	0.90979	0.33932	0.14921	0.96301	0.63534
0.48163	0.37461	0.34408	0.33534	0.20109	0.95075	0.73317
0.14965	0.34398	0.97851	0.42521	0.24511	0.69475	0.10666
0.1847	0.66676	0.74897	0.84191	0.14311	0.86067	0.2561
0.06645	0.21808	0.74189	0.46047	0.74012	0.57401	0.4415
0.77145	0.32063	0.16245	0.18487	0.55194	0.37969	0.39795
0.92409	0.71324	0.23004	0.27494	0.02455	0.9438	0.08097
0.72871	0.50363	0.0363	0.2842	0.77006	0.57107	0.58821
0.27806	0.37402	0.54684	0.25277	0.20921	0.55746	0.7212
0.48295	0.94613	0.97576	0.92841	0.25438	0.33909	0.52426
0.16685	0.50718	0.62233	0.10178	0.22203	0.642	0.76674
0.77321	0.91948	0.27954	0.4657	0.31149	0.63987	0.13861
0.23687	0.2818	0.60543	0.4515	0.64127	0.46569	0.11297
0.81054	0.76195	0.44878	0.69653	0.19173	0.26807	0.00839
0.04667	0.11605	0.9153	0.35003	0.26136	0.04758	0.34087
0.91044	0.65168	0.90162	0.55726	0.36745	0.27184	0.1329
0.9582	0.18638	0.41115	0.25467	0.03277	0.88197	0.29759
0.81046	0.92373	0.24045	0.03533	0.39385	0.25077	0.37842
0.68594	0.58489	0.85157	0.18875	0.1666	0.52384	0.46853
0.1227	0.02791	0.29991	0.20264	0.67594	0.3081	0.27165
0.52221	0.9011	0.51137	0.37096	0.22631	0.70719	0.61418
0.88259	0.65561	0.15406	0.1894	0.40537	0.24058	0.65312
0.66026	0.38074	0.91457	0.52734	0.92505	0.80039	0.30433
0.84916	0.47273	0.63604	0.72415	0.45879	0.32576	0.66339
0.79793	0.9954	0.87438	0.2559	0.31181	0.95716	0.85882
0.54616	0.57347	0.20224	0.22648	0.37389	0.53693	0.46156
0.05567	0.20252	0.86504	0.71548	0.52334	0.15629	0.11635
0.55954	0.00286	0.93274	0.72049	0.87171	0.36374	0.95998
0.9646	0.03086	0.36453	0.49232	0.18122	0.68908	0.6911
0.02783	0.64114	0.17981	0.18802	0.77239	0.48212	0.56994
0.42843	0.65624	0.51563	0.11361	0.06692	0.55382	0.47313
0.56428	0.11618	0.72941	0.95926	0.18028	0.13414	0.62727
0.79218	0.79186	0.27715	0.34379	0.67437	0.23139	0.55346
0.14018	0.13769	0.20153	0.23568	0.01235	0.94438	0.59559
0.68599	0.44664	0.54102	0.17802	0.67079	0.51002	0.34782
0.45146	0.90179	0.41243	0.13233	0.24639	0.08923	0.82449
0.45799	0.09701	0.34036	0.32013	0.46977	0.38711	0.56391
0.49892	0.67956	0.54277	0.96311	0.61016	0.52071	0.63348
