1.000000E+000	9.000000E-001
5.000000E+004	4.000000E-001
6.000000E+004	7.000000E-001
1.000000E+005	3.000000E-001
1.000000E+005   3.000000E-001
1.000000E+005   3.000000E-001
1.000000E+005   3.000000E-001
1.000000E+005   3.000000E-001
1.000000E+005   3.000000E-001
1.000000E+005   3.000000E-001
1.000000E+005   3.000000E-001
1.000000E+005   3.000000E-001
1.000000E+005   3.000000E-001
1.000000E+005   3.000000E-001
1.000000E+005   3.000000E-001
1.000000E+005   3.000000E-001
1.000000E+005   3.000000E-001
1.000000E+005   3.000000E-001
1.000000E+005   3.000000E-001
1.000000E+005   3.000000E-001
1.000000E+005   3.000000E-001

